Wavelength (µm) Transit Depth (Rp^2/Rs^2)
0.602495 0.005417 0.005647 0.000104
0.606911 0.005417 0.005409 0.000101
0.611414 0.005417 0.005500 0.000099
0.616008 0.005417 0.005242 0.000100
0.620706 0.005416 0.005452 0.000104
0.625514 0.005416 0.005364 0.000103
0.630423 0.005416 0.005600 0.000097
0.635438 0.005416 0.005431 0.000090
0.640564 0.005416 0.005311 0.000084
0.645804 0.005416 0.005455 0.000078
0.651162 0.005416 0.005547 0.000074
0.656643 0.005416 0.005364 0.000071
0.662251 0.005415 0.005538 0.000068
0.667991 0.005415 0.005404 0.000067
0.673865 0.005415 0.005382 0.000067
0.679877 0.005415 0.005302 0.000066
0.686033 0.005415 0.005409 0.000063
0.692336 0.005415 0.005330 0.000060
0.698805 0.005415 0.005274 0.000055
0.705435 0.005414 0.005258 0.000051
0.712225 0.005414 0.005399 0.000049
0.719180 0.005414 0.005465 0.000047
0.726317 0.005414 0.005465 0.000042
0.733644 0.005414 0.005433 0.000038
0.741148 0.005414 0.005411 0.000036
0.748855 0.005413 0.005451 0.000034
0.756764 0.005413 0.005424 0.000034
0.764875 0.005413 0.005371 0.000034
0.773211 0.005413 0.005465 0.000034
0.781762 0.005413 0.005294 0.000033
0.790544 0.005413 0.005359 0.000032
0.799568 0.005412 0.005406 0.000031
0.808827 0.005412 0.005416 0.000030
0.818342 0.005412 0.005412 0.000029
0.828121 0.005412 0.005429 0.000029
0.838163 0.005412 0.005432 0.000029
0.848477 0.005412 0.005404 0.000029
0.859072 0.005411 0.005394 0.000029
0.869955 0.005413 0.005407 0.000028
0.881135 0.005411 0.005430 0.000027
0.892616 0.005411 0.005371 0.000026
0.904406 0.005411 0.005403 0.000026
0.916508 0.005411 0.005467 0.000025
0.928926 0.005410 0.005428 0.000025
0.941680 0.005410 0.005426 0.000024
0.954758 0.005410 0.005371 0.000024
0.968166 0.005410 0.005422 0.000023
0.981916 0.005410 0.005400 0.000023
0.995998 0.005409 0.005408 0.000022
1.010422 0.005409 0.005412 0.000022
1.025187 0.005409 0.005365 0.000021
1.040286 0.005413 0.005427 0.000021
1.055720 0.005413 0.005439 0.000020
1.071490 0.005411 0.005424 0.000020
1.087588 0.005408 0.005428 0.000019
1.104007 0.005408 0.005437 0.000019
1.120740 0.005411 0.005401 0.000018
1.137778 0.005410 0.005451 0.000018
1.155116 0.005409 0.005359 0.000018
1.172740 0.005407 0.005419 0.000018
1.190638 0.005407 0.005403 0.000017
1.208796 0.005417 0.005393 0.000017
1.227204 0.005417 0.005441 0.000017
1.245846 0.005409 0.005379 0.000017
1.264705 0.005411 0.005417 0.000017
1.283770 0.005410 0.005425 0.000017
1.303020 0.005408 0.005398 0.000017
1.322446 0.005415 0.005420 0.000017
1.342024 0.005416 0.005429 0.000017
1.361743 0.005412 0.005401 0.000017
1.381585 0.005412 0.005447 0.000018
1.401535 0.005410 0.005393 0.000018
1.421579 0.005410 0.005414 0.000018
1.441700 0.005426 0.005397 0.000018
1.461884 0.005410 0.005406 0.000018
1.482118 0.005419 0.005429 0.000019
1.502389 0.005413 0.005413 0.000018
1.522683 0.005412 0.005392 0.000018
1.542990 0.005419 0.005385 0.000018
1.563298 0.005416 0.005380 0.000018
1.583596 0.005422 0.005459 0.000018
1.603875 0.005426 0.005422 0.000018
1.624126 0.005419 0.005380 0.000019
1.644340 0.005420 0.005408 0.000019
1.664510 0.005416 0.005418 0.000019
1.684628 0.005410 0.005394 0.000019
1.704689 0.005405 0.005422 0.000019
1.724685 0.005404 0.005378 0.000019
1.744613 0.005404 0.005387 0.000020
1.764467 0.005407 0.005392 0.000020
1.784242 0.005406 0.005391 0.000021
1.803936 0.005408 0.005438 0.000021
1.823542 0.005409 0.005438 0.000021
1.843062 0.005411 0.005432 0.000022
1.862489 0.005413 0.005406 0.000022
1.881822 0.005423 0.005376 0.000022
1.901060 0.005416 0.005392 0.000023
1.920201 0.005412 0.005403 0.000023
1.939242 0.005422 0.005419 0.000023
1.958183 0.005431 0.005484 0.000024
1.977023 0.005427 0.005434 0.000024
1.995762 0.005430 0.005391 0.000024
2.014396 0.005432 0.005427 0.000025
2.032928 0.005429 0.005470 0.000024
2.051358 0.005432 0.005448 0.000024
2.069683 0.005429 0.005424 0.000024
2.087906 0.005426 0.005429 0.000024
2.106026 0.005424 0.005409 0.000025
2.124042 0.005420 0.005430 0.000025
2.141955 0.005419 0.005408 0.000025
2.159767 0.005420 0.005374 0.000025
2.177478 0.005416 0.005479 0.000025
2.195086 0.005411 0.005398 0.000026
2.212593 0.005410 0.005442 0.000026
2.230001 0.005409 0.005435 0.000026
2.247310 0.005408 0.005412 0.000026
2.264521 0.005408 0.005383 0.000026
2.281634 0.005405 0.005386 0.000026
2.298650 0.005401 0.005387 0.000027
2.315570 0.005400 0.005407 0.000027
2.332394 0.005400 0.005352 0.000027
2.349124 0.005401 0.005437 0.000028
2.365762 0.005401 0.005412 0.000028
2.382306 0.005402 0.005414 0.000028
2.398760 0.005402 0.005414 0.000029
2.415122 0.005403 0.005376 0.000029
2.431395 0.005403 0.005405 0.000030
2.447580 0.005404 0.005409 0.000031
2.463677 0.005405 0.005378 0.000032
2.479687 0.005409 0.005462 0.000032
2.495611 0.005414 0.005432 0.000033
2.511449 0.005412 0.005443 0.000033
2.527205 0.005411 0.005405 0.000034
2.542877 0.005411 0.005354 0.000034
2.558468 0.005412 0.005445 0.000034
2.573978 0.005414 0.005425 0.000034
2.589407 0.005416 0.005423 0.000034
2.604757 0.005418 0.005447 0.000034
2.620028 0.005418 0.005429 0.000034
2.635223 0.005417 0.005387 0.000034
2.650341 0.005420 0.005415 0.000034
2.665383 0.005430 0.005439 0.000035
2.680350 0.005439 0.005434 0.000035
2.695244 0.005439 0.005404 0.000035
2.710064 0.005436 0.005396 0.000035
2.724811 0.005435 0.005425 0.000035
2.739489 0.005435 0.005445 0.000035
2.754095 0.005438 0.005500 0.000035
2.768630 0.005438 0.005440 0.000036
2.783098 0.005438 0.005430 0.000037
2.797497 0.005436 0.005395 0.000038
2.811829 0.005434 0.005414 0.000039
2.826095 0.005433 0.005370 0.000040
2.840293 0.005432 0.005468 0.000039
2.854428 0.005431 0.005436 0.000039
2.868497 0.005429 0.005465 0.000039
2.882504 0.005426 0.005414 0.000040
2.896446 0.005422 0.005493 0.000040
2.910327 0.005419 0.005458 0.000040
2.924147 0.005416 0.005385 0.000040
2.937905 0.005414 0.005429 0.000040
2.951604 0.005416 0.005435 0.000041
2.965242 0.005420 0.005405 0.000041
2.978822 0.005422 0.005336 0.000041
2.992344 0.005421 0.005338 0.000042
3.005808 0.005420 0.005416 0.000043
3.019216 0.005421 0.005362 0.000043
3.032566 0.005419 0.005378 0.000043
3.045861 0.005417 0.005400 0.000043
3.059101 0.005415 0.005441 0.000043
3.072286 0.005413 0.005341 0.000044
3.085418 0.005410 0.005425 0.000044
3.098495 0.005412 0.005488 0.000044
3.111520 0.005415 0.005433 0.000044
3.124493 0.005417 0.005374 0.000045
3.137413 0.005416 0.005394 0.000046
3.150283 0.005416 0.005420 0.000046
3.163102 0.005418 0.005419 0.000046
3.175870 0.005418 0.005450 0.000046
3.188590 0.005417 0.005347 0.000046
3.201260 0.005414 0.005356 0.000046
3.213881 0.005412 0.005423 0.000046
3.226454 0.005410 0.005471 0.000047
3.238980 0.005409 0.005419 0.000047
3.251458 0.005407 0.005446 0.000047
3.263889 0.005406 0.005382 0.000047
3.276274 0.005406 0.005435 0.000047
3.288614 0.005406 0.005465 0.000047
3.300907 0.005406 0.005315 0.000048
3.313156 0.005406 0.005443 0.000048
3.325360 0.005407 0.005478 0.000048
3.337521 0.005408 0.005453 0.000048
3.349638 0.005409 0.005359 0.000048
3.361711 0.005410 0.005434 0.000048
3.373741 0.005407 0.005361 0.000048
3.385729 0.005404 0.005393 0.000048
3.397676 0.005403 0.005385 0.000049
3.409581 0.005402 0.005339 0.000049
3.421443 0.005402 0.005403 0.000050
3.433265 0.005402 0.005427 0.000050
3.445047 0.005402 0.005394 0.000051
3.456789 0.005402 0.005493 0.000051
3.468490 0.005401 0.005401 0.000051
3.480153 0.005400 0.005444 0.000051
3.491777 0.005401 0.005490 0.000051
3.503361 0.005402 0.005447 0.000051
3.514907 0.005404 0.005431 0.000051
3.526415 0.005406 0.005327 0.000052
3.537885 0.005409 0.005365 0.000052
3.549318 0.005411 0.005400 0.000052
3.560715 0.005413 0.005389 0.000053
3.572074 0.005415 0.005356 0.000053
3.583397 0.005416 0.005505 0.000053
3.594684 0.005417 0.005441 0.000053
3.605935 0.005417 0.005434 0.000053
3.617150 0.005417 0.005360 0.000054
3.628331 0.005417 0.005352 0.000054
3.639477 0.005417 0.005402 0.000054
3.650587 0.005415 0.005421 0.000054
3.661664 0.005413 0.005402 0.000054
3.672707 0.005411 0.005489 0.000055
3.683716 0.005409 0.005367 0.000055
3.694691 0.005408 0.005387 0.000055
3.705633 0.005409 0.005381 0.000055
3.716542 0.005409 0.005400 0.000056
3.727419 0.005409 0.005439 0.000056
3.738263 0.005410 0.005435 0.000056
3.749075 0.005412 0.005404 0.000057
3.759856 0.005415 0.005505 0.000057
3.770604 0.005417 0.005322 0.000058
3.781321 0.005418 0.005586 0.000058
3.792008 0.005420 0.005447 0.000058
3.802663 0.005421 0.005427 0.000058
3.813288 0.005423 0.005424 0.000059
3.823882 0.005423 0.005370 0.000059
3.834446 0.005422 0.005462 0.000059
3.844980 0.005421 0.005436 0.000059
3.855485 0.005420 0.005339 0.000060
3.865960 0.005418 0.005404 0.000060
3.876406 0.005416 0.005541 0.000060
3.886822 0.005413 0.005443 0.000060
3.897210 0.005411 0.005363 0.000061
3.907569 0.005411 0.005500 0.000061
3.917900 0.005411 0.005457 0.000061
3.928203 0.005413 0.005488 0.000062
3.938478 0.005415 0.005434 0.000062
3.948726 0.005416 0.005469 0.000062
3.958945 0.005418 0.005381 0.000063
3.969136 0.005420 0.005424 0.000063
3.979301 0.005420 0.005425 0.000063
3.989439 0.005420 0.005514 0.000064
3.999550 0.005420 0.005332 0.000065
4.009635 0.005420 0.005468 0.000065
4.019694 0.005421 0.005346 0.000065
4.029725 0.005420 0.005489 0.000065
4.039731 0.005418 0.005435 0.000065
4.049711 0.005416 0.005507 0.000065
4.059665 0.005416 0.005460 0.000066
4.069595 0.005417 0.005386 0.000066
4.079498 0.005417 0.005397 0.000067
4.089376 0.005417 0.005264 0.000067
4.099230 0.005417 0.005412 0.000068
4.109059 0.005417 0.005343 0.000068
4.118863 0.005417 0.005470 0.000068
4.128642 0.005417 0.005404 0.000069
4.138398 0.005418 0.005576 0.000069
4.148129 0.005421 0.005353 0.000069
4.157836 0.005424 0.005437 0.000069
4.167520 0.005427 0.005395 0.000070
4.177179 0.005431 0.005457 0.000070
4.186816 0.005434 0.005391 0.000070
4.196429 0.005437 0.005405 0.000070
4.206018 0.005440 0.005503 0.000071
4.215585 0.005442 0.005535 0.000071
4.225129 0.005444 0.005547 0.000072
4.234651 0.005444 0.005550 0.000072
4.244149 0.005445 0.005334 0.000072
4.253624 0.005445 0.005475 0.000073
4.263079 0.005446 0.005397 0.000073
4.272510 0.005446 0.005322 0.000074
4.281919 0.005445 0.005555 0.000074
4.291307 0.005444 0.005523 0.000075
4.300673 0.005443 0.005369 0.000076
4.310017 0.005442 0.005497 0.000076
4.319340 0.005442 0.005455 0.000077
4.328642 0.005441 0.005388 0.000078
4.337922 0.005441 0.005390 0.000078
4.347181 0.005441 0.005381 0.000079
4.356420 0.005441 0.005319 0.000080
4.365637 0.005441 0.005381 0.000080
4.374833 0.005441 0.005321 0.000080
4.384009 0.005440 0.005415 0.000081
4.393165 0.005440 0.005316 0.000081
4.402300 0.005440 0.005428 0.000081
4.411415 0.005439 0.005489 0.000081
4.420510 0.005439 0.005584 0.000081
4.429585 0.005438 0.005332 0.000082
4.438641 0.005438 0.005358 0.000082
4.447676 0.005437 0.005344 0.000083
4.456692 0.005436 0.005436 0.000083
4.465689 0.005435 0.005532 0.000084
4.474665 0.005433 0.005351 0.000084
4.483623 0.005432 0.005452 0.000085
4.492562 0.005430 0.005495 0.000085
4.501481 0.005428 0.005279 0.000085
4.510382 0.005427 0.005322 0.000086
4.519263 0.005424 0.005363 0.000087
4.528126 0.005422 0.005515 0.000088
4.536971 0.005420 0.005345 0.000089
4.545796 0.005419 0.005439 0.000089
4.554604 0.005418 0.005432 0.000090
4.563393 0.005417 0.005201 0.000091
4.572163 0.005416 0.005366 0.000092
4.580917 0.005416 0.005310 0.000093
4.589651 0.005415 0.005461 0.000094
4.598368 0.005415 0.005404 0.000095
4.607067 0.005416 0.005337 0.000095
4.615748 0.005417 0.005288 0.000095
4.624412 0.005417 0.005348 0.000096
4.633058 0.005418 0.005438 0.000096
4.641687 0.005418 0.005446 0.000096
4.650298 0.005418 0.005439 0.000096
4.658893 0.005418 0.005548 0.000096
4.667469 0.005419 0.005346 0.000096
4.676029 0.005420 0.005299 0.000095
4.684573 0.005421 0.005315 0.000095
4.693099 0.005422 0.005461 0.000095
4.701609 0.005423 0.005341 0.000095
4.710101 0.005423 0.005343 0.000095
4.718578 0.005424 0.005594 0.000095
4.727036 0.005424 0.005466 0.000095
4.735480 0.005424 0.005294 0.000096
4.743906 0.005425 0.005507 0.000096
4.752317 0.005425 0.005230 0.000097
4.760711 0.005425 0.005371 0.000098
4.769089 0.005426 0.005264 0.000099
4.777451 0.005426 0.005493 0.000101
4.785798 0.005427 0.005546 0.000102
4.794128 0.005428 0.005623 0.000103
4.802443 0.005428 0.005507 0.000103
4.810742 0.005429 0.005365 0.000104
4.819026 0.005430 0.005364 0.000105
4.827293 0.005430 0.005482 0.000105
4.835546 0.005430 0.005417 0.000105
4.843783 0.005430 0.005416 0.000105
4.852005 0.005430 0.005590 0.000104
4.860211 0.005430 0.005174 0.000105
4.868403 0.005429 0.005282 0.000105
4.876579 0.005429 0.005520 0.000105
4.884741 0.005429 0.005389 0.000105
4.892887 0.005428 0.005275 0.000106
4.901019 0.005428 0.005406 0.000106
4.909135 0.005427 0.005228 0.000107
4.917238 0.005427 0.005431 0.000107
4.925324 0.005426 0.005369 0.000107
4.933398 0.005425 0.005510 0.000108
4.941456 0.005425 0.005343 0.000108
4.949501 0.005424 0.005330 0.000109
4.957529 0.005423 0.005296 0.000127
4.965545 0.005423 0.005265 0.000158
4.973546 0.005422 0.005730 0.000234
4.981533 0.005421 0.005827 0.001273
4.989506 0.005421 0.442775 0.179493
4.997465 0.005421 -103.723238 511.727030
5.005409 0.005421 -2573.963586 853.579386
5.013340 0.005421 -514.814554 784.476523
5.021258 0.005421 276.804545 806.653437
5.029161 0.005421 -559.119022 818.382130
5.037051 0.005421 -674.406256 783.907164
5.044926 0.005421 -562.921752 892.243899
5.052789 0.005421 1265.071966 1253.968839
5.060638 0.005421 -704.959555 2057.659221
5.068473 0.005421 71.399111 1394.771133
5.076296 0.005421 705.146265 951.290098
5.084104 0.005421 -307.262492 582.967175
5.091900 0.005421 1058.336711 505.010450
5.099682 0.005421 990.152918 523.334886
5.107451 0.005421 -250.732865 535.407784
5.115207 0.005421 180.681089 454.177164
5.122949 0.005421 -158.671143 315.821005
5.130680 0.005421 204.627704 269.924686
5.138397 0.005421 -9.964572 247.520130
5.146101 0.005421 152.863870 234.094696
5.153793 0.005421 62.922696 224.640591
5.161471 0.005421 598.232485 213.714060
5.169137 0.005421 -418.091342 215.846741
5.176790 0.005421 199.047982 223.293883
5.184431 0.005421 933.566926 231.021467
5.192060 0.005421 231.108803 223.414603
5.199675 0.005421 97.893775 228.725432
5.207279 0.005421 -467.514076 232.984201
5.214869 0.005421 90.201522 239.465833
5.222448 0.005421 -114.192337 253.124880
5.230015 0.005421 234.381087 266.645983
5.237568 0.005421 -287.823950 280.966495
5.245111 0.005421 -12.636245 268.461807
5.252641 0.005421 31.123809 243.917207
5.260158 0.005421 -20.058836 265.511068
5.267664 0.005421 -118.278619 324.923979
5.275158 0.005421 -137.637410 352.382094
5.282640 0.005421 -351.092146 322.820077
5.290111 0.005421 -33.151484 285.619015
5.297569 0.005421 88.708508 309.133989
